0.382 0.0 0.382
0.394 0.0 0.399
0.406 0.0 0.417
0.417 0.0 0.434
0.427 0.0 0.451
0.437 0.0 0.468
0.446 0.0 0.485
0.455 0.0 0.502
0.462 0.0 0.519
0.47 0.0 0.535
0.476 0.0 0.551
0.483 0.0 0.567
0.488 0.0 0.584
0.493 0.0 0.599
0.498 0.0 0.615
0.501 0.0 0.631
0.505 0.0 0.647
0.507 0.0 0.662
0.51 0.0 0.678
0.511 0.0 0.693
0.512 0.0 0.708
0.513 0.0 0.724
0.513 0.0 0.739
0.512 0.0 0.754
0.511 0.0 0.769
0.509 0.0 0.784
0.507 0.0 0.799
0.504 0.0 0.813
0.501 0.0 0.828
0.497 0.0 0.843
0.492 0.0 0.857
0.487 0.0 0.872
0.482 0.0 0.886
0.476 0.0 0.901
0.469 0.0 0.915
0.461 0.0 0.929
0.453 0.0 0.944
0.445 0.0 0.958
0.436 0.0 0.972
0.426 0.0 0.986
0.393 0.0 1.0
0.389 0.0 1.0
0.385 0.0 1.0
0.38 0.0 1.0
0.374 0.0 1.0
0.368 0.0 1.0
0.36 0.0 1.0
0.351 0.0 1.0
0.341 0.0 1.0
0.329 0.0 1.0
0.315 0.0 1.0
0.298 0.0 1.0
0.279 0.0 1.0
0.257 0.0 1.0
0.23 0.0 1.0
0.199 0.0 1.0
0.162 0.0 1.0
0.117 0.0 1.0
0.06 0.0 1.0
0.0 0.039 1.0
0.0 0.128 1.0
0.0 0.212 1.0
0.0 0.295 1.0
0.0 0.382 1.0
0.0 0.472 1.0
0.0 0.566 1.0
0.0 0.664 1.0
0.0 0.765 1.0
0.0 0.87 1.0
0.0 0.978 1.0
0.0 1.0 0.773
0.0 1.0 0.448
0.002 1.0 0.0
0.167 1.0 0.0
0.292 1.0 0.0
0.402 1.0 0.0
0.504 1.0 0.0
0.598 1.0 0.0
0.685 1.0 0.0
0.765 1.0 0.0
0.839 1.0 0.0
0.906 1.0 0.0
0.967 1.0 0.0
1.0 0.975 0.0
1.0 0.92 0.0
1.0 0.87 0.0
1.0 0.824 0.0
1.0 0.782 0.0
1.0 0.744 0.0
1.0 0.711 0.0
1.0 0.68 0.0
1.0 0.654 0.0
1.0 0.63 0.0
1.0 0.609 0.0
1.0 0.59 0.0
1.0 0.574 0.0
1.0 0.56 0.0
1.0 0.547 0.0
1.0 0.536 0.0
1.0 0.527 0.0
1.0 0.518 0.0
1.0 0.511 0.0
1.0 0.505 0.0
1.0 0.5 0.0
1.0 0.495 0.0
1.0 0.491 0.0
1.0 0.488 0.0
